ID	Caste	Stage	M1	M2	M3	M4	M5	M6	M7	M8	M9	M10	M11	M12	M13	M14	M15	M16	M17	M18	M19	M20
EQ1	0	1	-0.051749337	-0.075595892	-0.07510831	-0.03591663	-0.067573503	-0.05825741	-0.090307675	-0.05675521	-0.089341757	-0.083279032	-0.08950029	-0.089078761	-0.066662111	-0.08163592	-0.10337749	0.81065049	-0.085859153	-0.087748559	-0.04792820	-0.074603164
EQ2	0	1	-0.030488975	-0.022039547	-0.04999025	-0.04400813	-0.018761599	-0.06174755	-0.078222993	-0.03018116	-0.071431247	-0.047797051	0.90709688	-0.078377389	-0.068624765	-0.07134967	-0.06292902	-0.06365650	-0.072989387	-0.060843634	-0.06229941	-0.074289898
EQ3	0	1	-0.051731859	-0.056104663	-0.04151252	-0.03922804	-0.071155047	-0.06943552	-0.076802260	-0.07799345	-0.072384465	-0.082670214	-0.07232270	-0.068861373	-0.054731729	-0.05590665	-0.05861867	-0.04973195	-0.054305893	-0.044781572	0.96577245	-0.074068671
EQ4	0	1	-0.096854304	-0.050528106	-0.04095099	-0.07931649	-0.037912259	-0.03305189	0.007819532	0.01906825	-0.006138879	-0.039413068	-0.02441495	-0.013475078	-0.059747675	0.89837848	-0.05560429	-0.03925360	-0.016112685	0.001890110	-0.04127124	-0.008188739
EQ5	0	1	-0.092509465	-0.023706389	-0.02853790	-0.02622984	-0.042047441	0.96582619	0.025012103	-0.06173511	-0.043682522	-0.013803427	-0.06648262	-0.078094353	-0.054079525	-0.06939441	-0.04310803	-0.04692333	-0.058821117	-0.046634131	-0.05009088	-0.101739007
EQ6	0	1	0.018761000	0.017749796	0.05158628	0.02479252	0.103645698	0.06496546	0.147162614	0.05391337	0.272019661	0.170452166	0.28716188	0.334587465	0.390940549	0.31596467	0.39576359	0.48653677	0.481632090	0.957335204	0.02140922	0.065588424
EW1	1	1	-0.058241087	-0.086022541	-0.05509759	-0.03920143	-0.090230269	-0.05964805	-0.045660631	-0.06634722	-0.078299153	-0.070378050	-0.07362958	-0.044193673	0.862236196	-0.03729348	-0.05767815	-0.08177055	-0.077792535	-0.049732930	-0.04079449	-0.056420482
EW2	1	1	-0.075218928	-0.062050974	-0.03139730	-0.01858299	0.956071355	-0.05364651	-0.038454047	-0.05598179	-0.062828946	-0.059403738	-0.05684178	-0.072035723	-0.086528399	-0.04278523	-0.05658619	-0.05393248	-0.070101741	0.016352355	-0.02835298	-0.060393310
EW3	1	1	0.014547783	-0.047074419	-0.03148855	0.96632158	-0.040145734	-0.06418351	-0.010540296	-0.01304632	-0.062601950	-0.027693812	-0.02512941	-0.025970693	-0.053985857	-0.04366531	-0.03872808	-0.06718267	-0.038741306	-0.024722367	-0.06646849	-0.045932752
EW4	1	1	-0.011649511	-0.077850557	-0.03594845	-0.06481111	-0.071090176	-0.06920651	-0.053918629	-0.03791690	-0.054890232	-0.061185552	-0.04638968	-0.046721318	-0.087239758	-0.04103948	0.86340283	-0.07217179	-0.070574147	-0.052510327	-0.10403503	-0.044938266
EW5	1	1	-0.074839467	-0.080477534	-0.04284829	-0.04832824	-0.004540015	-0.03045870	-0.009986586	0.96217230	-0.047806238	-0.000721129	-0.03277667	-0.041633834	0.001399028	-0.03894010	-0.05191230	-0.02942429	-0.006315507	0.019385785	-0.04819125	-0.050780304
EW6	1	1	-0.062363634	-0.052416283	-0.03041668	-0.06542141	-0.076338440	-0.04915669	-0.063131413	-0.06044059	-0.054448300	-0.002082651	-0.07840697	-0.056428454	-0.075231726	-0.05763367	-0.04346669	-0.05695653	0.812306438	-0.030041338	-0.07127912	-0.063625259
OQ1	0	0	-0.001055456	0.003513664	-0.05309601	-0.02220732	-0.048206529	-0.03410671	-0.058412819	-0.06364509	-0.042677151	0.938412555	-0.05563297	-0.096093575	-0.016808137	-0.07457146	-0.07123394	-0.06250401	-0.082321968	-0.034336316	-0.05080210	-0.055971535
OQ3	0	0	-0.062674116	-0.044633243	-0.08212716	-0.05968700	-0.058589852	-0.06089974	-0.131808724	-0.07632795	0.914288895	-0.102140457	-0.09325098	-0.125456618	-0.096728359	-0.10588895	-0.10626819	-0.11919197	-0.101098455	-0.120648400	-0.05857117	-0.044501377
OQ4	0	0	0.964583280	-0.065299188	-0.10135669	-0.07585695	-0.114368809	-0.07674776	-0.132257423	-0.10748904	-0.125329715	-0.112417790	-0.11746746	-0.111322474	-0.110130248	-0.11282356	-0.10387182	-0.12619102	-0.107421359	-0.128383750	-0.11950868	-0.019255842
OQ5	0	0	-0.065000944	0.967785042	-0.08878964	-0.10469898	-0.062135140	-0.05741771	-0.083034710	-0.07439913	-0.096262246	-0.098811048	-0.08387680	-0.105398674	-0.114443372	-0.10119496	-0.08256012	-0.09530112	-0.098610163	-0.101154217	-0.06933907	-0.097610883
OW1	1	0	-0.071107497	-0.047088703	-0.09519668	-0.09352296	-0.080119403	-0.08269813	-0.107420248	-0.08990316	-0.095002119	-0.123507781	-0.11975265	-0.114874644	-0.117561704	-0.11132021	-0.12093597	-0.11743819	-0.124465163	-0.120106630	-0.00735320	0.962890314
OW4	1	0	-0.044750455	-0.071384189	-0.07976473	-0.07206897	-0.023799616	-0.04540337	-0.104790955	-0.06663904	-0.065701500	-0.061248136	-0.08184920	0.885094214	-0.080613256	-0.06185776	-0.07094489	-0.07254408	-0.086854497	-0.037305744	-0.02107227	-0.055859372
OW5	1	0	-0.072662736	-0.074459132	0.96438178	-0.07599355	-0.077095875	-0.07671689	-0.032304117	-0.04805768	-0.074752748	-0.050843431	-0.01371878	-0.054436366	-0.054941478	-0.05827985	-0.06430175	-0.07548930	-0.067746867	-0.046723084	-0.03068010	-0.030114079
OW7	1	0	-0.074994292	-0.052317141	-0.05234032	-0.02603404	-0.075607346	-0.04800898	0.937059277	-0.04829510	-0.042729387	-0.071468353	-0.06281526	0.002771322	-0.056517676	-0.04876248	-0.06704083	-0.06752390	-0.073806586	-0.009290453	-0.06914399	-0.070185798